3 125 10006 100 83886080 2000000000 77074868 6760828 8.75799 8.70697
251 216 10013 114 83886080 2000000000 77197791 6760828 8.74404 8.69311
137 82 10005 107 83886080 2000000000 77633205 6760828 8.69500 8.64435
161 82 10005 109 83886080 2000000000 78691775 6760828 8.57803 8.52807
251 155 10009 114 83886080 2000000000 79373936 6760828 8.50431 8.45477
251 161 10010 114 83886080 2000000000 79722326 6760828 8.46715 8.41783
155 189 10010 109 83886080 2000000000 80257717 6760828 8.41067 8.36167
137 78 10004 107 83886080 2000000000 80327171 6760828 8.40339 8.35444
23 251 10014 101 83886080 2000000000 80356644 6760828 8.40031 8.35138
78 23 10001 103 83886080 2000000000 80393178 6760828 8.39649 8.34758
155 137 10008 108 83886080 2000000000 80530881 6760828 8.38214 8.33331
251 78 10004 114 83886080 2000000000 80540680 6760828 8.38112 8.33229
251 41 10002 114 83886080 2000000000 80775237 6760828 8.35678 8.30810
98 41 10002 105 83886080 2000000000 82339112 6760828 8.19806 8.15030
207 161 10010 111 83886080 2000000000 82378201 6760828 8.19417 8.14643
228 59 10003 113 83886080 2000000000 82479098 6760828 8.18414 8.13647
155 207 10011 109 83886080 2000000000 82667595 6760828 8.16548 8.11792
155 98 10006 108 83886080 2000000000 82674856 6760828 8.16477 8.11720
155 251 10014 109 83886080 2000000000 82909333 6760828 8.14167 8.09425
82 251 10014 105 83886080 2000000000 83116795 6760828 8.12135 8.07404
23 78 10003 101 83886080 2000000000 83198718 6760828 8.11336 8.06609
98 3 10000 105 83886080 2000000000 83285244 6760828 8.10493 8.05771
251 228 10014 114 83886080 2000000000 83549280 6760828 8.07931 8.03225
216 78 10004 112 83886080 2000000000 83611589 6760828 8.07329 8.02626
3 98 10005 100 83886080 2000000000 83716972 6760828 8.06313 8.01616
155 59 10003 108 83886080 2000000000 83850785 6760828 8.05026 8.00337
155 161 10009 109 83886080 2000000000 84077518 6760828 8.02855 7.98178
207 216 10012 112 83886080 2000000000 84295522 6760828 8.00779 7.96114
251 23 10001 114 83886080 2000000000 85729714 6760828 7.87383 7.82796
82 78 10004 104 83886080 2000000000 85931750 6760828 7.85531 7.80955
82 228 10013 105 83886080 2000000000 86362496 6760828 7.81613 7.77060
216 251 10014 113 83886080 2000000000 86398280 6760828 7.81290 7.76738
59 41 10002 102 83886080 2000000000 86452206 6760828 7.80802 7.76254
137 207 10011 108 83886080 2000000000 86462822 6760828 7.80706 7.76159
98 23 10001 105 83886080 2000000000 86807652 6760828 7.77605 7.73075
98 82 10005 105 83886080 2000000000 86927491 6760828 7.76533 7.72010
82 207 10011 105 83886080 2000000000 87395104 6760828 7.72378 7.67879
23 3 10000 100 83886080 2000000000 87520813 6760828 7.71269 7.66776
3 137 10007 100 83886080 2000000000 87535592 6760828 7.71139 7.66647
251 125 10007 114 83886080 2000000000 87580383 6760828 7.70744 7.66255
82 98 10005 105 83886080 2000000000 88009155 6760828 7.66989 7.62521
98 125 10006 106 83886080 2000000000 88064856 6760828 7.66504 7.62039
137 251 10014 108 83886080 2000000000 88077513 6760828 7.66394 7.61930
155 23 10001 108 83886080 2000000000 88560820 6760828 7.62212 7.57771
82 189 10010 105 83886080 2000000000 89237763 6760828 7.56430 7.52023
161 41 10002 109 83886080 2000000000 89256433 6760828 7.56271 7.51866
98 228 10013 106 83886080 2000000000 89271368 6760828 7.56145 7.51740
228 251 10014 114 83886080 2000000000 89440145 6760828 7.54718 7.50322
161 251 10014 110 83886080 2000000000 89626067 6760828 7.53152 7.48765
216 59 10003 112 83886080 2000000000 90022921 6760828 7.49832 7.45464
228 216 10013 113 83886080 2000000000 90331554 6760828 7.47270 7.42917
161 216 10012 110 83886080 2000000000 90556258 6760828 7.45416 7.41074
161 137 10008 109 83886080 2000000000 90673489 6760828 7.44452 7.40116
251 3 10000 114 83886080 2000000000 91240681 6760828 7.39824 7.35515
98 155 10008 106 83886080 2000000000 91290882 6760828 7.39418 7.35110
161 125 10007 109 83886080 2000000000 91399164 6760828 7.38542 7.34239
23 82 10004 101 83886080 2000000000 91543631 6760828 7.37376 7.33081
82 59 10003 104 83886080 2000000000 91633583 6760828 7.36652 7.32361
23 228 10013 101 83886080 2000000000 91867893 6760828 7.34773 7.30493
3 41 10001 100 83886080 2000000000 91955526 6760828 7.34073 7.29797
82 137 10007 105 83886080 2000000000 92345877 6760828 7.30970 7.26712
207 251 10014 112 83886080 2000000000 92481252 6760828 7.29900 7.25648
251 82 10005 114 83886080 2000000000 92633235 6760828 7.28703 7.24458
251 189 10011 114 83886080 2000000000 92743372 6760828 7.27837 7.23597
161 23 10001 109 83886080 2000000000 93309631 6760828 7.23420 7.19206
155 125 10007 108 83886080 2000000000 93685074 6760828 7.20521 7.16324
98 59 10003 105 83886080 2000000000 93941942 6760828 7.18551 7.14365
78 98 10005 104 83886080 2000000000 94020827 6760828 7.17948 7.13766
23 155 10008 101 83886080 2000000000 94033657 6760828 7.17850 7.13669
161 3 10000 109 83886080 2000000000 94040573 6760828 7.17797 7.13616
59 23 10001 102 83886080 2000000000 94311253 6760828 7.15737 7.11568
23 216 10012 101 83886080 2000000000 94538910 6760828 7.14014 7.09854
23 207 10011 101 83886080 2000000000 94578614 6760828 7.13714 7.09556
251 137 10008 114 83886080 2000000000 94645486 6760828 7.13210 7.09055
98 207 10011 106 83886080 2000000000 94836403 6760828 7.11774 7.07628
125 207 10011 107 83886080 2000000000 95348745 6760828 7.07949 7.03825
155 216 10012 109 83886080 2000000000 95404628 6760828 7.07535 7.03413
78 251 10014 104 83886080 2000000000 95656907 6760828 7.05669 7.01558
161 59 10003 109 83886080 2000000000 95771987 6760828 7.04821 7.00715
228 189 10011 113 83886080 2000000000 96019758 6760828 7.03002 6.98907
59 125 10006 103 83886080 2000000000 96055384 6760828 7.02741 6.98648
228 125 10007 113 83886080 2000000000 96338449 6760828 7.00676 6.96595
155 82 10005 108 83886080 2000000000 96443639 6760828 6.99912 6.95835
59 189 10010 103 83886080 2000000000 96539793 6760828 6.99215 6.95142
59 137 10007 103 83886080 2000000000 96614672 6760828 6.98673 6.94603
207 59 10003 111 83886080 2000000000 96803509 6760828 6.97310 6.93248
98 161 10009 106 83886080 2000000000 96940871 6760828 6.96322 6.92266
216 82 10005 112 83886080 2000000000 97099432 6760828 6.95185 6.91135
23 59 10002 101 83886080 2000000000 97119188 6760828 6.95044 6.90995
3 216 10012 100 83886080 2000000000 97210141 6760828 6.94393 6.90348
189 41 10002 110 83886080 2000000000 97248232 6760828 6.94121 6.90078
137 155 10008 108 83886080 2000000000 97419973 6760828 6.92898 6.88861
3 251 10014 100 83886080 2000000000 97433624 6760828 6.92801 6.88765
189 251 10014 111 83886080 2000000000 97567271 6760828 6.91852 6.87821
125 41 10002 106 83886080 2000000000 97985228 6760828 6.88901 6.84888
3 82 10004 100 83886080 2000000000 98151836 6760828 6.87731 6.83725
228 41 10002 113 83886080 2000000000 98276052 6760828 6.86862 6.82861
137 41 10002 107 83886080 2000000000 98487662 6760828 6.85386 6.81394
207 228 10013 112 83886080 2000000000 98522085 6760828 6.85147 6.81156
82 161 10009 105 83886080 2000000000 98608068 6760828 6.84549 6.80562
125 251 10014 107 83886080 2000000000 98650404 6760828 6.84255 6.80270
251 59 10003 114 83886080 2000000000 98701882 6760828 6.83899 6.79915
98 216 10012 106 83886080 2000000000 98706754 6760828 6.83865 6.79881
207 41 10002 111 83886080 2000000000 99093312 6760828 6.81197 6.77229
3 59 10002 100 83886080 2000000000 99138278 6760828 6.80888 6.76922
216 41 10002 112 83886080 2000000000 99150119 6760828 6.80807 6.76841
41 59 10002 102 83886080 2000000000 99159824 6760828 6.80740 6.76775
228 155 10009 113 83886080 2000000000 99521753 6760828 6.78265 6.74314
3 78 10003 100 83886080 2000000000 99692328 6760828 6.77104 6.73160
216 23 10001 112 83886080 2000000000 99756160 6760828 6.76671 6.72729
78 41 10002 103 83886080 2000000000 100436792 6760828 6.72085 6.68170
82 155 10008 105 83886080 2000000000 100477168 6760828 6.71815 6.67902
207 78 10004 111 83886080 2000000000 100492385 6760828 6.71713 6.67800
78 82 10004 104 83886080 2000000000 100827389 6760828 6.69482 6.65582
98 78 10004 105 83886080 2000000000 100845733 6760828 6.69360 6.65461
98 137 10007 106 83886080 2000000000 100895913 6760828 6.69027 6.65130
137 228 10013 108 83886080 2000000000 100912044 6760828 6.68920 6.65023
228 23 10001 113 83886080 2000000000 101223345 6760828 6.66863 6.62978
78 3 10000 103 83886080 2000000000 101501332 6760828 6.65036 6.61162
207 98 10006 111 83886080 2000000000 101691751 6760828 6.63791 6.59924
207 82 10005 111 83886080 2000000000 101801573 6760828 6.63075 6.59212
137 189 10010 108 83886080 2000000000 101980995 6760828 6.61908 6.58053
125 216 10012 107 83886080 2000000000 101989428 6760828 6.61854 6.57998
207 23 10001 111 83886080 2000000000 102028961 6760828 6.61597 6.57743
82 23 10001 104 83886080 2000000000 102136868 6760828 6.60898 6.57048
41 98 10005 102 83886080 2000000000 102183661 6760828 6.60596 6.56748
82 3 10000 104 83886080 2000000000 102435915 6760828 6.58969 6.55130
137 125 10007 107 83886080 2000000000 102484523 6760828 6.58656 6.54819
137 23 10001 107 83886080 2000000000 102609830 6760828 6.57852 6.54020
251 98 10006 114 83886080 2000000000 102615965 6760828 6.57813 6.53981
189 137 10008 110 83886080 2000000000 103022218 6760828 6.55219 6.51402
228 82 10005 113 83886080 2000000000 103068442 6760828 6.54925 6.51110
41 216 10012 102 83886080 2000000000 103775510 6760828 6.50463 6.46673
137 216 10012 108 83886080 2000000000 103857184 6760828 6.49951 6.46165
125 82 10005 106 83886080 2000000000 103921556 6760828 6.49548 6.45765
125 23 10001 106 83886080 2000000000 103985504 6760828 6.49149 6.45367
3 207 10011 100 83886080 2000000000 104066301 6760828 6.48645 6.44866
125 78 10004 106 83886080 2000000000 104240488 6760828 6.47561 6.43789
78 59 10003 103 83886080 2000000000 104291334 6760828 6.47245 6.43475
161 155 10009 109 83886080 2000000000 104316989 6760828 6.47086 6.43317
125 59 10003 106 83886080 2000000000 104369653 6760828 6.46760 6.42992
41 82 10004 102 83886080 2000000000 104553340 6760828 6.45623 6.41862
41 251 10014 102 83886080 2000000000 104816729 6760828 6.44001 6.40250
155 228 10013 109 83886080 2000000000 104851158 6760828 6.43790 6.40039
23 189 10010 101 83886080 2000000000 104855660 6760828 6.43762 6.40012
161 78 10004 109 83886080 2000000000 104901311 6760828 6.43482 6.39733
59 78 10003 103 83886080 2000000000 104901367 6760828 6.43481 6.39733
41 78 10003 102 83886080 2000000000 104933191 6760828 6.43286 6.39539
41 155 10008 102 83886080 2000000000 105019341 6760828 6.42759 6.39014
216 3 10000 112 83886080 2000000000 105332430 6760828 6.40848 6.37115
189 78 10004 110 83886080 2000000000 105339639 6760828 6.40804 6.37071
23 125 10006 101 83886080 2000000000 105407902 6760828 6.40389 6.36659
41 207 10011 102 83886080 2000000000 105551438 6760828 6.39518 6.35793
155 3 10000 108 83886080 2000000000 105760036 6760828 6.38257 6.34539
41 3 10000 101 83886080 2000000000 105780203 6760828 6.38135 6.34418
41 137 10007 102 83886080 2000000000 106031781 6760828 6.36621 6.32913
41 23 10001 101 83886080 2000000000 106226205 6760828 6.35456 6.31754
125 3 10000 106 83886080 2000000000 106679808 6760828 6.32754 6.29068
137 3 10000 107 83886080 2000000000 106687398 6760828 6.32709 6.29023
59 228 10013 103 83886080 2000000000 106992227 6760828 6.30906 6.27231
189 23 10001 110 83886080 2000000000 107294253 6760828 6.29130 6.25466
216 189 10011 112 83886080 2000000000 107483866 6760828 6.28021 6.24362
216 228 10013 113 83886080 2000000000 107593808 6760828 6.27379 6.23724
251 207 10012 114 83886080 2000000000 107692374 6760828 6.26805 6.23153
189 216 10012 111 83886080 2000000000 108038147 6760828 6.24799 6.21159
78 125 10006 104 83886080 2000000000 108094882 6760828 6.24471 6.20833
82 125 10006 105 83886080 2000000000 108213485 6760828 6.23786 6.20153
59 155 10008 103 83886080 2000000000 108278796 6760828 6.23410 6.19778
3 228 10013 100 83886080 2000000000 108293024 6760828 6.23328 6.19697
23 137 10007 101 83886080 2000000000 108378346 6760828 6.22837 6.19209
228 207 10012 113 83886080 2000000000 108405654 6760828 6.22680 6.19053
59 98 10005 103 83886080 2000000000 108809247 6760828 6.20371 6.16757
216 161 10010 112 83886080 2000000000 108878893 6760828 6.19974 6.16362
161 98 10006 109 83886080 2000000000 108911901 6760828 6.19786 6.16176
78 216 10012 104 83886080 2000000000 108985576 6760828 6.19367 6.15759
78 207 10011 104 83886080 2000000000 109352851 6760828 6.17287 6.13691
216 125 10007 112 83886080 2000000000 109663861 6760828 6.15536 6.11951
3 155 10008 100 83886080 2000000000 109722392 6760828 6.15208 6.11624
3 161 10009 100 83886080 2000000000 109856177 6760828 6.14459 6.10879
23 98 10005 101 83886080 2000000000 109936137 6760828 6.14012 6.10435
125 98 10006 106 83886080 2000000000 110141938 6760828 6.12864 6.09294
59 207 10011 103 83886080 2000000000 110202102 6760828 6.12530 6.08962
228 3 10000 113 83886080 2000000000 110528635 6760828 6.10720 6.07163
216 98 10006 112 83886080 2000000000 110605022 6760828 6.10299 6.06743
161 207 10011 110 83886080 2000000000 110833122 6760828 6.09042 6.05495
207 125 10007 111 83886080 2000000000 110840100 6760828 6.09004 6.05457
216 137 10008 112 83886080 2000000000 111092780 6760828 6.07619 6.04079
41 161 10009 102 83886080 2000000000 111187939 6760828 6.07099 6.03562
78 189 10010 104 83886080 2000000000 111533180 6760828 6.05220 6.01694
125 155 10008 107 83886080 2000000000 111619230 6760828 6.04753 6.01230
228 98 10006 113 83886080 2000000000 111622352 6760828 6.04736 6.01213
59 161 10009 103 83886080 2000000000 111726895 6760828 6.04170 6.00651
125 137 10007 107 83886080 2000000000 111815099 6760828 6.03694 6.00177
41 125 10006 102 83886080 2000000000 111890531 6760828 6.03287 5.99773
207 137 10008 111 83886080 2000000000 111961325 6760828 6.02905 5.99393
216 207 10012 112 83886080 2000000000 111990371 6760828 6.02749 5.99238
78 161 10009 104 83886080 2000000000 112315596 6760828 6.01004 5.97503
78 137 10007 104 83886080 2000000000 112594748 6760828 5.99514 5.96021
161 189 10010 110 83886080 2000000000 112596377 6760828 5.99505 5.96013
189 161 10010 110 83886080 2000000000 112646804 6760828 5.99237 5.95746
216 155 10009 112 83886080 2000000000 112747475 6760828 5.98701 5.95214
207 3 10000 111 83886080 2000000000 112807357 6760828 5.98384 5.94898
78 228 10013 104 83886080 2000000000 112830643 6760828 5.98260 5.94775
189 3 10000 110 83886080 2000000000 113063497 6760828 5.97028 5.93550
161 228 10013 110 83886080 2000000000 113265607 6760828 5.95963 5.92491
41 228 10013 102 83886080 2000000000 113351179 6760828 5.95513 5.92044
78 155 10008 104 83886080 2000000000 113494122 6760828 5.94763 5.91298
125 228 10013 107 83886080 2000000000 113507124 6760828 5.94695 5.91230
137 98 10006 107 83886080 2000000000 113535816 6760828 5.94544 5.91081
59 3 10000 102 83886080 2000000000 113867112 6760828 5.92815 5.89361
125 189 10010 107 83886080 2000000000 113904879 6760828 5.92618 5.89166
189 155 10009 110 83886080 2000000000 113910827 6760828 5.92587 5.89135
41 189 10010 102 83886080 2000000000 114028182 6760828 5.91977 5.88529
207 189 10011 111 83886080 2000000000 114080240 6760828 5.91707 5.88260
189 98 10006 110 83886080 2000000000 114173446 6760828 5.91224 5.87780
189 125 10007 110 83886080 2000000000 114259576 6760828 5.90778 5.87337
189 228 10013 111 83886080 2000000000 115479310 6760828 5.84538 5.81133
137 161 10009 108 83886080 2000000000 115486499 6760828 5.84502 5.81097
23 161 10009 101 83886080 2000000000 116332655 6760828 5.80250 5.76870
228 161 10010 113 83886080 2000000000 116340671 6760828 5.80211 5.76831
